SPV,UPD,TBT,MDV,BFL,OVL,DOT,WOT,DGD,BRD,RTV,OBS,SOS,DAD,PWR,FTQ,SLV,OTHERS,TOTAL
142,0,54,5,43,2,0,20,14,0,20,2,0,2,0,2,10,24,340
557,1,25,10,3,9,0,115,34,1,25,68,1,0,0,0,34,10,893
144,2,6,8,16,1,1,12,18,2,8,0,0,0,0,1,3,7,229
273,1,21,20,163,2,0,53,3,4,41,64,1,6,0,3,39,36,730
880,2,126,40,7,27,9,176,111,35,56,35,8,0,1,3,81,77,1674
125,0,5,3,0,5,0,9,3,0,3,0,0,0,1,1,0,7,162
534,5,24,7,18,0,1,37,29,2,15,5,1,4,0,0,3,37,722
133,0,46,10,0,1,0,17,15,0,5,1,0,0,0,0,78,11,317
252,1,14,9,25,3,0,46,16,2,5,9,0,0,0,1,1,21,405
398,2,80,21,41,6,4,39,14,2,30,1,12,2,0,4,129,17,802
221,0,54,8,6,2,0,51,14,0,18,0,0,1,0,0,25,64,464
584,0,43,27,110,7,0,59,23,2,22,1,1,1,0,1,135,38,1054
338,2,7,6,32,3,0,17,13,4,8,3,0,6,0,0,48,19,506
240,0,39,12,137,4,0,44,30,0,23,1,0,1,0,0,185,27,743
2748,12,189,62,95,27,27,71,332,12,315,48,7,8,4,173,1440,391,5961
449,14,44,26,11,28,2,40,164,3,28,16,0,1,0,0,146,54,1026
96,0,23,2,33,0,0,15,34,3,7,2,0,1,0,0,36,14,266
1422,6,113,11,0,95,6,66,33,2,68,83,0,0,3,5,41,167,2121
1518,2,139,34,27,15,19,225,154,27,131,22,5,3,0,56,124,111,2612
722,1,43,9,13,15,12,66,80,2,63,12,1,0,0,7,85,60,1191
370,0,27,4,7,6,0,16,36,6,10,1,1,0,0,0,33,14,531
411,4,3,3,0,6,1,32,29,0,10,0,0,1,0,1,9,37,547
1010,3,87,62,115,10,0,152,75,2,109,39,37,4,0,11,167,80,1963
893,3,77,56,36,1,7,129,47,3,23,6,1,4,0,0,151,78,1515
850,1,46,129,187,0,0,87,87,18,63,1,1,17,2,20,1,99,1609
1277,3,76,91,50,26,10,210,364,30,156,30,2,8,1,1,411,284,3030
1366,3,50,17,47,16,5,149,45,9,61,16,1,4,2,92,77,111,2071
2968,5,161,154,129,19,3,174,112,13,205,19,12,10,0,8,38,311,4341
982,5,77,25,55,6,3,107,169,35,52,11,5,2,1,10,1,22,1568
770,0,131,42,56,10,15,87,55,17,115,7,2,0,2,6,1,20,1336
1174,8,141,61,109,14,12,141,173,23,106,10,5,1,3,32,4,35,2052
302,0,27,82,126,5,2,74,96,1,17,22,0,6,0,4,18,96,878
149,0,25,6,32,0,4,25,28,2,31,1,0,1,0,0,3,13,320
333,0,18,2,6,5,2,16,50,0,13,6,1,2,0,2,2,38,496
258,0,24,4,1,19,1,44,193,3,37,5,31,0,0,5,226,20,871
313,3,80,17,2,14,1,46,44,4,16,3,2,0,0,0,13,45,603
237,3,18,3,1,12,5,52,8,2,23,1,1,0,0,0,18,25,409
